(6.000, 0.000, 0.000)
 (6.000, 0.000, 0.000)
 (6.000, 0.047, 0.000)
 (5.999, 0.094, 0.000)
 (5.998, 0.141, 0.000)
 (5.997, 0.188, 0.000)
 (5.995, 0.236, 0.000)
 (5.993, 0.283, 0.000)
 (5.991, 0.330, 0.000)
 (5.988, 0.377, 0.000)
 (5.985, 0.424, 0.000)
 (5.982, 0.471, 0.000)
 (5.978, 0.518, 0.000)
 (5.973, 0.565, 0.000)
 (5.969, 0.612, 0.000)
 (5.964, 0.658, 0.000)
 (5.958, 0.705, 0.000)
 (5.953, 0.752, 0.000)
 (5.947, 0.799, 0.000)
 (5.940, 0.845, 0.000)
 (5.933, 0.892, 0.000)
 (5.926, 0.939, 0.000)
 (5.919, 0.985, 0.000)
 (5.911, 1.032, 0.000)
 (5.902, 1.078, 0.000)
 (5.894, 1.124, 0.001)
 (5.885, 1.171, 0.001)
 (5.875, 1.217, 0.001)
 (5.866, 1.263, 0.001)
 (5.856, 1.309, 0.001)
 (5.845, 1.355, 0.001)
 (5.834, 1.401, 0.002)
 (5.823, 1.446, 0.002)
 (5.811, 1.492, 0.002)
 (5.800, 1.538, 0.003)
 (5.787, 1.583, 0.003)
 (5.775, 1.629, 0.004)
 (5.762, 1.674, 0.005)
 (5.748, 1.719, 0.006)
 (5.735, 1.764, 0.007)
 (5.721, 1.809, 0.009)
 (5.706, 1.854, 0.010)
 (5.692, 1.899, 0.012)
 (5.677, 1.944, 0.014)
 (5.661, 1.988, 0.017)
 (5.645, 2.032, 0.020)
 (5.629, 2.077, 0.024)
 (5.613, 2.121, 0.028)
 (5.596, 2.165, 0.033)
 (5.579, 2.209, 0.039)
 (5.561, 2.252, 0.045)
 (5.543, 2.296, 0.053)
 (5.525, 2.340, 0.061)
 (5.507, 2.383, 0.071)
 (5.488, 2.426, 0.082)
 (5.468, 2.469, 0.095)
 (5.449, 2.512, 0.109)
 (5.429, 2.555, 0.126)
 (5.409, 2.597, 0.144)
 (5.388, 2.640, 0.165)
 (5.367, 2.682, 0.188)
 (5.346, 2.724, 0.213)
 (5.324, 2.766, 0.242)
 (5.303, 2.808, 0.273)
 (5.280, 2.849, 0.308)
 (5.258, 2.891, 0.346)
 (5.235, 2.932, 0.388)
 (5.212, 2.973, 0.433)
 (5.188, 3.014, 0.483)
 (5.164, 3.054, 0.537)
 (5.140, 3.095, 0.594)
 (5.116, 3.135, 0.657)
 (5.091, 3.175, 0.723)
 (5.066, 3.215, 0.794)
 (5.041, 3.255, 0.868)
 (5.015, 3.294, 0.947)
 (4.989, 3.333, 1.030)
 (4.962, 3.373, 1.117)
 (4.936, 3.411, 1.208)
 (4.909, 3.450, 1.301)
 (4.882, 3.488, 1.397)
 (4.854, 3.527, 1.496)
 (4.826, 3.565, 1.596)
 (4.798, 3.603, 1.698)
 (4.770, 3.640, 1.800)
 (4.741, 3.677, 1.902)
 (4.712, 3.715, 2.004)
 (4.683, 3.751, 2.104)
 (4.653, 3.788, 2.201)
 (4.623, 3.825, 2.296)
 (4.593, 3.861, 2.386)
 (4.562, 3.897, 2.472)
 (4.532, 3.932, 2.553)
 (4.501, 3.968, 2.627)
 (4.469, 4.003, 2.694)
 (4.438, 4.038, 2.754)
 (4.406, 4.073, 2.806)
 (4.374, 4.107, 2.849)
 (4.341, 4.142, 2.883)
 (4.309, 4.175, 2.907)
 (4.276, 4.209, 2.922)
 (4.243, 4.243, 2.927)
 (4.209, 4.276, 2.922)
 (4.175, 4.309, 2.907)
 (4.142, 4.341, 2.883)
 (4.107, 4.374, 2.849)
 (4.073, 4.406, 2.806)
 (4.038, 4.438, 2.754)
 (4.003, 4.469, 2.694)
 (3.968, 4.501, 2.627)
 (3.932, 4.532, 2.553)
 (3.897, 4.562, 2.472)
 (3.861, 4.593, 2.386)
 (3.825, 4.623, 2.296)
 (3.788, 4.653, 2.201)
 (3.751, 4.683, 2.104)
 (3.715, 4.712, 2.004)
 (3.677, 4.741, 1.902)
 (3.640, 4.770, 1.800)
 (3.603, 4.798, 1.698)
 (3.565, 4.826, 1.596)
 (3.527, 4.854, 1.496)
 (3.488, 4.882, 1.397)
 (3.450, 4.909, 1.301)
 (3.411, 4.936, 1.208)
 (3.373, 4.962, 1.117)
 (3.333, 4.989, 1.030)
 (3.294, 5.015, 0.947)
 (3.255, 5.041, 0.868)
 (3.215, 5.066, 0.794)
 (3.175, 5.091, 0.723)
 (3.135, 5.116, 0.657)
 (3.095, 5.140, 0.594)
 (3.054, 5.164, 0.537)
 (3.014, 5.188, 0.483)
 (2.973, 5.212, 0.433)
 (2.932, 5.235, 0.388)
 (2.891, 5.258, 0.346)
 (2.849, 5.280, 0.308)
 (2.808, 5.303, 0.273)
 (2.766, 5.324, 0.242)
 (2.724, 5.346, 0.213)
 (2.682, 5.367, 0.188)
 (2.640, 5.388, 0.165)
 (2.597, 5.409, 0.144)
 (2.555, 5.429, 0.126)
 (2.512, 5.449, 0.109)
 (2.469, 5.468, 0.095)
 (2.426, 5.488, 0.082)
 (2.383, 5.507, 0.071)
 (2.340, 5.525, 0.061)
 (2.296, 5.543, 0.053)
 (2.252, 5.561, 0.045)
 (2.209, 5.579, 0.039)
 (2.165, 5.596, 0.033)
 (2.121, 5.613, 0.028)
 (2.077, 5.629, 0.024)
 (2.032, 5.645, 0.020)
 (1.988, 5.661, 0.017)
 (1.944, 5.677, 0.014)
 (1.899, 5.692, 0.012)
 (1.854, 5.706, 0.010)
 (1.809, 5.721, 0.009)
 (1.764, 5.735, 0.007)
 (1.719, 5.748, 0.006)
 (1.674, 5.762, 0.005)
 (1.629, 5.775, 0.004)
 (1.583, 5.787, 0.003)
 (1.538, 5.800, 0.003)
 (1.492, 5.811, 0.002)
 (1.446, 5.823, 0.002)
 (1.401, 5.834, 0.002)
 (1.355, 5.845, 0.001)
 (1.309, 5.856, 0.001)
 (1.263, 5.866, 0.001)
 (1.217, 5.875, 0.001)
 (1.171, 5.885, 0.001)
 (1.124, 5.894, 0.001)
 (1.078, 5.902, 0.000)
 (1.032, 5.911, 0.000)
 (0.985, 5.919, 0.000)
 (0.939, 5.926, 0.000)
 (0.892, 5.933, 0.000)
 (0.845, 5.940, 0.000)
 (0.799, 5.947, 0.000)
 (0.752, 5.953, 0.000)
 (0.705, 5.958, 0.000)
 (0.658, 5.964, 0.000)
 (0.612, 5.969, 0.000)
 (0.565, 5.973, 0.000)
 (0.518, 5.978, 0.000)
 (0.471, 5.982, 0.000)
 (0.424, 5.985, 0.000)
 (0.377, 5.988, 0.000)
 (0.330, 5.991, 0.000)
 (0.283, 5.993, 0.000)
 (0.236, 5.995, 0.000)
 (0.188, 5.997, 0.000)
 (0.141, 5.998, 0.000)
 (0.094, 5.999, 0.000)
 (0.047, 6.000, 0.000)
 (0.000, 6.000, 0.000)
 (0.000, 6.000, 0.000)
